# This file may be used to create an environment using:
# $ conda create --name <env> --file <this file>
# platform: win-64
backcall=0.2.0=pyh9f0ad1d_0
backports=1.0=py_2
backports.functools_lru_cache=1.6.4=pyhd8ed1ab_0
bzip2=1.0.8=h8ffe710_4
ca-certificates=2021.10.8=h5b45459_0
colorama=0.4.4=pyh9f0ad1d_0
debugpy=1.5.1=py310h8a704f9_0
decorator=5.1.0=pyhd8ed1ab_0
entrypoints=0.3=pyhd8ed1ab_1003
freetype=2.10.4=h546665d_1
ipykernel=6.6.0=py310hbbfc1a7_0
ipython=7.30.1=py310h5588dad_0
jbig=2.1=h8d14728_2003
jedi=0.18.1=py310h5588dad_0
jpeg=9d=h8ffe710_0
jupyter_client=7.1.0=pyhd8ed1ab_0
jupyter_core=4.9.1=py310h5588dad_1
lcms2=2.12=h2a16943_0
lerc=3.0=h0e60522_0
libdeflate=1.8=h8ffe710_0
libffi=3.4.2=h8ffe710_5
libpng=1.6.37=h1d00b33_2
libsodium=1.0.18=h8d14728_1
libtiff=4.3.0=hd413186_2
libzlib=1.2.11=h8ffe710_1013
lz4-c=1.9.3=h8ffe710_1
matplotlib-inline=0.1.3=pyhd8ed1ab_0
nest-asyncio=1.5.4=pyhd8ed1ab_0
olefile=0.46=pyh9f0ad1d_1
openjpeg=2.4.0=hb211442_1
openssl=3.0.0=h8ffe710_2
parso=0.8.3=pyhd8ed1ab_0
pickleshare=0.7.5=py_1003
pillow=9.0.0=pypi_0
pip=21.3.1=pyhd8ed1ab_0
prompt-toolkit=3.0.22=pyha770c72_0
pygments=2.10.0=pyhd8ed1ab_0
pypdf2=1.26.0=py_2
python=3.10.0=hcf16a7b_3_cpython
python-dateutil=2.8.2=pyhd8ed1ab_0
python_abi=3.10=2_cp310
pywin32=302=py310he2412df_2
pyzmq=22.3.0=py310h73ada01_1
reportlab=3.5.68=py310h0e7cf82_1
setuptools=59.4.0=py310h5588dad_0
six=1.16.0=pyh6c4a22f_0
sqlite=3.37.0=h8ffe710_0
tk=8.6.11=h8ffe710_1
tornado=6.1=py310he2412df_2
traitlets=5.1.1=pyhd8ed1ab_0
tzdata=2021e=he74cb21_0
ucrt=10.0.20348.0=h57928b3_0
vc=14.2=hb210afc_5
vs2015_runtime=14.29.30037=h902a5da_5
wcwidth=0.2.5=pyh9f0ad1d_2
wheel=0.37.0=pyhd8ed1ab_1
xz=5.2.5=h62dcd97_1
zeromq=4.3.4=h0e60522_1
zlib=1.2.11=h8ffe710_1013
zstd=1.5.0=h6255e5f_0
